17
2988
3581
30
2006
4017
1209
3388
190
583
1257
3941
2811
3292
3903
3809
1827
3768
3642
3381
1531
2123
1617
3699
4083
350
1670
3472
4047
1634
802
4064
526
286
4095
2532
206
1208
1824
397
1791
3082
242
506
2278
48
218
8
3816
3860
3390
1251
1887
910
854
1873
1261
2524
1249
1211
61
2051
1179
588
2337
1177
3121
2544
2385
848
2941
80
3930
3183
586
2111
3232
804
2119
2951
568
1413
106
2455
2323
960
232
3585
3484
1481
699
3546
3532
1879
37
1772
3056
3158
219
1345
4007
3161
1425
3840
2248
2012
1854
1383
2816
3974
238
3385
1291
344
1743
3615
1305
1975
3103
692
3456
3803
142
2892
1585
180
567
545
3338
787
1891
3248
3949
3317
2992
2100
1232
750
3484
4049
628
3723
3337
1919
4068
984
1437
1276
2960
444
1968
2319
151
2111
1115
1737
2291
1682
2283
1533
2470
77
685
2322
3394
3677
326
530
331
3811
483
959
3437
3821
2878
3408
708
219
587
3669
664
2556
1892
815
571
3007
2552
2862
592
738
298
3063
815
984
1289
113
564
1616
644
895
1330
1127
1855
670
852
637
4079
1561
856
569
1133
1520
3126
3025
2336
3697
1935
791
2463
2528
1530
2761
1494
2345
3746
2784
2459
214
303
3104
1110
1633
135
2965
2304
987
3602
2286
2548
362
2856
3682
1883
1885
2610
122
1486
448
913
3949
2976
2443
2614
374
692
2263
3158
3152
2477
3461
2160
3587
998
2295
2455
3302
3283
1961
1492
1735
2323
251
1320
109
2137
3930
231
3624
282
1145
3476
3259
3589
1994
3633
185
161
2695
3338
2638
2060
1401
2129
3058
3697
488
2264
2883
2449
3756
521
676
4008
1841
785
2048
1675
1017
1576
1957
2163
956
1119
1656
2950
656
1841
3111
3351
1083
1653
1314
2484
3782
276
2085
174
2540
871
2624
2199
1393
3300
2110
3235
4086
62
813
1007
1639
2771
3170
2595
3891
729
1449
451
2571
463
3802
3655
2117
1020
2043
1803
1296
31
1977
3836
903
504
1939
2296
3805
4050
1434
3794
16
2248
705
1655
923
3875
153
718
508
1602
1169
3080
2066
875
2638
87
1895
584
1890
3192
615
3868
2931
1518
276
774
3814
4081
727
1152
3779
744
3401
387
2399
228
166
2553
946
674
59
2115
3754
2126
2990
2296
2213
789
2880
6
3981
3495
3874
2816
917
53
3590
635
38
221
1788
3817
966
1092
108
3365
1321
274
1822
2267
949
1882
286
607
4008
3277
2903
2125
4066
1686
2132
3951
1085
1909
2670
2002
1963
2164
2638
2001
2386
329
1722
3352
1422
1831
2621
2743
2105
347
914
3055
2229
1200
3662
2141
381
2468
170
350
58
2302
205
1144
115
2876
3146
2078
944
1688
4080
3330
2017
1706
2586
3439
3537
1111
2086
1546
1458
3000
504
3688
104
69
1733
485
2538
1903
836
2596
108
1041
3740
223
3917
2790
2302
765
381
2285
4095
2399
3992
2585
1742
3432
3696
3828
882
1058
2732
1386
649
2836
1456
2382
3321
3994
188
60
2494
296
1102
2138
520
923
831
2822
1688
1213
1011
1686
3613
906
175
1258
242
3871
990
1124
833
3722
2511
1482
2462
3967
3865
1686
3865
4053
1747
2262
253
2849
303
774
3772
1135
3596
1364
2349
510
3051
1865
1417
3226
3123
1660
3001
17
2784
3834
3739
1199
1220
2105
1070
988
3791
838
944
1442
3101
1198
195
3404
1972
3968
443
1472
1235
2792
1983
189
560
3400
3415
3684
963
2320
3701
3748
2057
3344
851
3277
1352
1921
168
1047
2759
1113
2490
1763
2312
2685
1071
188
2556
1514
1660
3792
209
3643
3981
770
2947
3300
357
3911
1523
4058
3563
3580
3306
317
2761
562
2238
2929
1609
900
4043
2
2664
2258
2688
3735
2446
1148
1153
9
843
1362
3653
727
2132
2504
4027
2490
2318
1454
2451
1784
937
1661
2101
3698
2223
242
2531
3833
1143
2477
3836
3807
639
2427
3446
3086
3576
502
3096
322
1864
2652
1050
3997
1059
981
2390
3378
2435
745
1065
3372
2407
3167
2974
533
3409
1409
269
456
3887
8
166
429
2436
3613
3516
1915
18
2515
2237
1883
1070
3288
1784
2130
172
78
1411
2607
823
2477
1883
3230
1547
761
3764
860
2170
4033
1316
1961
4042
1483
2390
2382
999
1809
200
1018
227
2438
2901
1298
1630
589
3429
1802
667
743
312
1490
3220
2196
624
670
2957
292
1531
1031
229
2847
2992
174
233
1286
2557
1233
3096
2758
2251
3324
1100
1056
525
2730
1645
3954
435
2312
601
748
3803
3821
2944
331
395
1805
623
1927
2836
852
677
1731
1027
911
3017
3584
2144
2016
2245
299
1243
3345
1355
1769
1978
3000
1627
2414
1216
2228
3162
922
1953
2010
1253
2349
3816
1876
179
2555
2729
857
190
3756
1768
3207
3243
3913
1127
1392
115
2371
641
1470
44
2619
374
1671
937
1591
3900
2
2513
1756
2013
3767
9
1732
1547
188
191
179
1045
381
3935
2814
3589
3082
2630
620
378
2745
2992
1019
119
3036
3639
494
610
479
2085
413
482
502
2170
2495
173
2179
131
1720
2368
323
1900
3414
704
1739
2131
197
724
664
817
1103
3409
3809
2122
3529
2748
1664
4024
3359
2143
2012
3773
2625
2515
1847
1024
2688
4026
1156
311
2298
1479
2211
1615
2184
3950
3746
2381
578
313
3198
1681
3723
2911
3804
3156
1563
1371
3083
825
3515
999
502
2044
3514
2349
3068
2105
2279
128
2417
480
1607
532
2095
3791
385
1745
2075
964
2059
1177
2646
1686
4089
2353
745
1555
3725
3829
2381
3143
731
2883
1090
149
1136
62
2254
3415
190
575
3895
1798
1107
1894
1492
1493
3639
3568
2457
1602
649
1007
3288
641
3360
4034
2196
2988
3766
481
2035
401
3365
3125
550
404
3187
2804
3819
3377
3379
3618
1078
390
1416
2571
1883
958
2043
244
2561
2692
1251
1752
3334
515
1689
1434
3504
1359
1915
1442
1760
1183
470
2310
1587
3658
1018
1310
2938
301
832
4017
691
2248
2492
2574
3207
438
2819
1671
3131
4071
3423
2368
489
1016
3802
3993
2375
1621
1339
38
2805
1810
2348
296
1371
3366
1606
212
3667
2439
133
262
590
2625
2837
3798
3064
1559
1372
2098
1533
699
369
2023
1716
75
1920
4091
1697
3259
33
405
972
2382
702
2343
1652
2308
2556
1223
651
2690
1485
1242
1218
225
943
186
1785
2316
2284
3318
3015
2654
1244
635
2730
3164
630
330
2327
663
736
3299
3046
1438
1546
601
3747
5
1824
301
2695
3310
1543
3914
3535
2487
3
1223
706
2288
445
3722
845
1690
260
3576
758
890
3907
3085
1554
546
2288
503
1985
3834
1104
1636
3840
2929
1938
2439
2142
3482
2257
1581
1872
2261
2805
2578
452
3250
2204
1298
844
2464
778
1602
3355
588
590
813
1135
2878
1316
3120
2616
2421
660
2359
1253
2598
701
3396
1983
2959
880
3856
1123
3685
2337
1576
2839
445
2874
3683
2910
3652
1188
2168
144
1779
2982
1279
561
201
303
3177
2622
963
1439
3876
3562
2141
3175
1448
1004
4056
1207
2127
3645
3545
3703
2387
3990
2481
1973
2804
2036
3162
876
2180
844
3858
3460
1405
4059
3763
486
2585
630
1925
2365
95
4067
1444
1544
974
1403
2751
3102
951
2200
2708
3339
2094
1092
1216
801
3129
281
1677
1213
1125
1438
577
2531
1401
243
3017
3987
874
846
2255
969
817
3700
2513
1792
1006
1168
797
1958
3369
3506
1200
1366
502
2416
2168
3632
2698
3845
749
3824
1187
1326
2258
2588
1570
1179
2479
2444
2026
637
3414
2843
240
1831
538
1247
2999
1336
3206
2271
746
310
3638
1249
2727
1709
784
1328
1457
1534
1055
2645
2860
3314
1137
334
396
3616
2778
2422
157
2096
1169
398
3927
1708
1645
2829
3045
755
1004
3791
1065
545
943
3792
2254
1728
1023
3712
3263
2079
2260
2026
1296
3398
2360
1693
2917
1042
19
3074
3138
1189
3472
2968
2897
1021
1701
1845
1776
2706
1540
2841
3251
2484
2537
1409
115
3561
1025
3379
1543
3286
1308
2840
2587
3669
437
1407
615
456
385
3754
1645
3858
2626
446
782
231
2291
2559
2937
3831
1304
2091
2219
3841
3501
2335
3305
429
1617
752
3715
2925
3592
2205
2498
4029
3613
3114
389
3999
2771
2034
3760
1300
2481
446
1531
675
3005
372
410
212
2464
2629
4054
1868
867
3263
2298
2484
4015
1916
1313
3510
25
3812
3442
3639
2829
3831
3541
1504
1769
3205
2805
153
3651
240
829
2559
612
1240
2772
3076
3869
2730
847
640
1896
3146
3124
1814
966
341
1227
992
56
573
534
2886
308
4076
293
2078
3184
3098
2232
2738
3338
3062
1201
3950
205
3974
2929
4074
2607
3777
618
406
2827
3742
2221
3793
4084
3449
688
43
4023
1223
2929
234
1202
3223
2313
289
2224
448
3028
1465
3511
133
1319
3716
10
152
3694
2618
3930
215
3024
2660
3958
1149
2356
3945
501
3045
3989
427
171
2822
662
1373
1948
2975
1663
75
3424
594
1541
2838
727
2860
2458
738
3012
2055
3356
2846
2270
2284
1409
2132
3433
3766
1980
3935
2714
1873
265
2885
598
928
161
2546
3904
1824
2622
3231
2419
66
1973
3147
2927
334
3885
1843
2390
3144
592
563
1331
2001
2695
667
1670
579
506
288
2452
771
3173
3050
1700
3335
1500
1507
1063
25
641
3482
92
2615
2532
3019
2950
2321
765
1243
1368
1357
1807
2699
3359
405
3367
933
985
3873
1221
3438
548
297
2391
2248
3632
3892
3755
599
3917
300
4081
4009
2915
2517
2931
1769
741
3697
3012
2110
957
722
713
220
1128
4081
1153
2113
3857
2375
1455
309
2673
3846
2558
2209
3641
2217
2808
3462
2517
2792
3375
1336
1213
2210
3105
1954
1810
2021
4064
2768
2743
680
2988
3872
664
45
1889
425
2420
3344
735
996
3094
3294
3205
2639
1414
1916
2004
3932
612
1282
1171
1825
3493
180
3779
1206
2202
3747
3974
849
331
2866
624
996
2911
2513
1422
1234
1760
2158
2231
758
1355
1339
3397
2769
3256
1304
2604
3868
2587
3776
1596
1983
3957
1279
3190
2062
930
3068
2912
1262
1837
3536
2258
651
1953
3681
1886
3713
1742
20
374
3097
1360
3772
1770
519
979
278
290
3567
4055
1887
1454
3915
3167
547
1881
0
3615
696
1262
1356
136
3521
2007
2089
3105
3894
1706
751
3914
2081
3849
1177
1756
1522
1697
2736
1801
1987
2206
1759
3875
3661
1577
2945
111
3459
2945
3727
59
111
986
195
3633
2994
2284
2641
2791
3991
3393
2609
1975
3145
3786
3731
571
1387
2370
2372
3374
480
34
3153
44
1612
2001
155
975
850
3883
1034
961
773
1230
497
3767
3515
3139
2462
3409
2436
974
1287
1484
664
922
2056
2051
3292
332
1329
3773
366
385
3817
1979
2386
3973
2954
3236
3759
3989
101
436
1123
599
106
541
3739
2569
3951
2078
3543
1142
3563
110
2064
1522
2161
1260
1854
3491
936
2221
3876
656
104
2166
533
3059
1305
195
2951
1407
632
4075
2007
738
519
1649
3307
374
3728
2754
1516
3194
2865
3580
620
929
744
2474
324
1680
599
103
2337
703
2269
2870
3762
3575
3066
2617
886
3698
2595
2893
340
3115
446
3648
3489
77
2305
908
3272
1073
392
3892
2003
1136
2270
2327
2816
2869
2430
1057
3573
603
3927
3238
81
2896
1759
967
2498
257
3861
2838
3372
210
2389
2765
288
598
3673
3560
1671
4065
3355
3675
1105
1528
1905
3921
301
239
882
3874
843
712
3016
924
3609
678
1892
2010
936
1656
751
211
1867
3141
2976
2155
3739
2553
1619
1314
2522
878
892
3627
2407
2798
3452
2708
3038
237
2486
3881
949
1405
709
462
2084
2602
2472
3020
162
3224
3231
2029
2269
2111
88
1912
568
1708
3226
3090
2586
22
2621
896
2821
1976
3604
1763
2213
1994
1547
3163
3399
2257
3626
1386
763
2001
310
925
1129
3542
2955
3399
1556
3044
1214
2125
655
343
1119
3241
366
3740
40
3187
1620
3645
853
3834
1542
2401
2900
845
562
2429
2232
1325
334
2542
2251
1464
1987
1109
766
3544
56
1981
1573
711
2325
2692
3953
2691
2336
3994
1782
3956
3543
2636
3694
989
941
2498
1834
1503
830
4067
2829
1165
2513
983
2630
404
2093
3397
3948
2149
1281
1425
2861
3606
20
2717
2201
2357
2615
3984
2217
2061
2523
1814
3050
3464
215
788
871
1046
758
3701
2212
3271
588
745
3675
2681
45
3527
734
1327
855
3595
837
876
2216
3039
3234
734
2926
1354
2796
1352
3169
1749
720
3384
2537
1592
334
3296
1197
2546
2471
1785
3292
2050
370
3338
1480
1104
568
2336
603
1406
3213
2819
348
2350
3554
3274
3704
2253
530
2776
4003
1251
2064
2444
2844
2398
1643
4041
848
17
1730
43
2067
2101
3381
3548
3205
3950
1788
3809
1259
904
2531
1607
3255
1989
785
2863
146
1315
1543
53
2566
3607
2497
1314
1909
43
1259
2757
61
2989
2801
2129
993
2085
1580
102
1938
3369
3911
3198
177
2346
708
3432
239
1493
2198
386
2809
3741
439
1279
3252
2936
2593
1065
2979
3852
3822
3041
2745
2527
1073
3739
515
2654
3841
2454
1926
3656
1555
2103
1906
2264
1439
2145
3758
3638
2531
2470
3283
2970
3750
2438
1810
2246
3503
692
2002
3229
3734
650
1659
710
293
2175
3364
37
532
1193
3694
2088
3297
1503
256
640
3648
4014
181
2083
2388
3464
956
2041
1806
2767
190
1213
3459
2193
345
3097
2844
2005
3807
3137
83
3074
3174
616
171
2772
2705
3469
178
2961
12
3827
2878
194
1813
1169
3658
2770
3210
1367
1440
3401
2580
803
1498
2926
3900
245
834
3610
3382
918
2588
2460
1534
2760
1135
142
2132
1314
3103
2145
1044
1885
2339
2857
3055
1900
1531
2169
3268
2971
1473
1752
3775
2972
582
3578
3217
1416
3092
2502
2335
1583
866
3870
247
2001
4013
2379
3315
3020
427
263
808
2766
3120
3863
570
555
1935
3839
3526
3409
1494
3205
2284
2076
2686
1405
3493
1682
3907
1732
3266
676
1505
3513
2678
1421
1795
1897
345
2223
2160
1153
893
1184
920
1463
1739
2856
1205
1169
2169
2700
277
357
680
2964
1762
76
549
1572
1809
3815
2249
3314
3232
830
639
930
2727
984
3154
791
2138
4047
1975
3058
1414
3714
1818
2620
787
3987
1224
1064
248
1904
4029
2010
1981
481
3583
3790
200
1735
3007
3432
2566
3647
266
1197
534
3420
1988
2672
3371
3964
1634
689
3581
3453
3310
272
3343
437
1336
3591
2341
1268
1505
226
1750
991
4016
1950
2726
2927
1286
1196
2477
1552
2394
3011
876
285
1587
151
152
3222
841
3734
2578
54
4006
1824
491
1246
1319
2833
2515
2825
3059
168
3816
2978
2119
2446
1809
3406
3642
189
861
1939
3201
1738
2225
692
1890
2378
3914
2731
2016
2395
2785
1926
123
3276
3172
1442
2013
1590
170
975
1759
3987
3954
3879
2336
1666
3188
1882
1856
4050
3822
961
1692
1951
1653
3582
232
1470
2216
2249
3865
905
78
3988
84
3250
1334
2098
744
1505
3073
2504
1395
2931
2287
3732
501
1379
1517
2357
1333
1242
3318
3025
3193
875
2510
3426
2345
630
1578
2114
1535
1656
2005
1620
810
3340
3718
1555
749
2695
4059
2145
1530
2250
1780
2031
3629
3298
291
865
443
3610
3891
3637
388
2305
2967
2734
2935
449
751
374
2105
2757
1994
2916
2000
1616
374
2749
215
337
797
1745
2588
2578
3776
2120
1779
4068
2986
2223
3582
2780
1763
3971
988
634
2608
3924
1083
3359
201
3189
2019
2196
2008
4020
3813
2383
2672
4028
2721
3470
1677
1213
1951
1357
3334
3730
1329
2223
1856
814
907
3620
689
1896
158
3297
1723
1241
2560
1925
333
483
24
2342
406
3838
629
3079
3770
3351
2453
1350
467
307
2707
3802
4038
4037
1928
1798
754
2836
1321
1444
635
1480
644
2359
2721
3205
187
3055
3688
212
1301
4095
4051
1931
3078
3724
1186
1434
977
1654
1742
3685
1359
1683
3625
3288
3481
283
2027
706
1727
2663
2186
2372
926
811
1481
1114
3866
1073
1327
1071
1071
1281
3002
53
908
92
1487
1886
1746
3230
1475
3105
816
1004
2297
201
1288
227
907
3016
2891
3094
1292
3817
3906
2773
834
3676
3846
2161
650
821
3443
3653
874
254
3745
2362
2141
1394
1495
3617
403
2312
524
2700
2513
1813
2928
3421
732
1722
2419
2024
1443
2228
701
2278
1807
450
343
2457
1272
3786
2014
2147
4041
1662
412
2085
3057
1908
1606
3460
123
2130
2064
2637
3943
895
1961
579
2618
284
2603
4062
2512
3304
2243
222
3755
2587
2680
930
2276
597
3077
2221
2260
3490
210
1220
1302
1816
584
1426
3946
2648
4063
3793
3544
1928
275
2066
2212
2879
2032
628
2086
179
850
1745
2766
3531
2675
945
31
1656
3167
2291
1049
3377
3512
2352
1096
4096
3778
945
2648
3745
642
2096
1576
917
66
3789
3796
2098
320
1786
2277
1171
3531
946
605
2110
1892
637
3766
962
2929
719
242
2344
3071
1339
2344
2753
2284
895
2401
2927
2992
3978
3845
3058
3670
3544
1060
3991
1234
3338
1066
669
188
1672
2779
2081
2309
2449
3043
1142
3168
3286
3486
2143
528
1733
799
2813
2629
3201
1644
1525
3082
1392
487
2655
840
1548
2550
2074
789
3616
2743
977
1191
1426
3058
3501
3875
2005
546
2947
1195
4032
993
1724
1669
1793
441
202
897
2085
1727
3980
3477
2215
2538
220
3763
992
2295
455
511
941
1433
1703
2368
395
1107
2146
2400
1653
996
3596
1588
1990
1223
3258
3784
1664
3460
585
3750
1091
468
3130
3307
3007
3351
2973
3999
1549
3429
414
2491
765
2117
762
1160
3224
2909
3561
780
3906
3060
2369
1800
186
1531
1487
1851
895
2073
1505
1987
2541
538
1197
1452
3890
73
1354
1342
3503
1769
3834
171
3886
500
1332
3014
3409
796
3795
3219
3857
2067
922
4044
3599
2410
1798
397
386
3303
2384
2928
3842
3581
283
3635
3655
1638
881
3061
3407
619
3233
3197
1119
469
2114
432
1266
1812
3652
1026
3880
477
973
3382
2888
2772
3780
3275
1978
2067
2106
1724
1552
2390
1263
1110
4028
2145
75
3339
2764
3309
2440
3884
3778
458
220
948
2270
3872
1974
2054
253
2947
1340
3141
1622
1023
2319
3601
3090
329
1229
546
2719
2492
1657
2651
541
1732
1894
3306
945
237
3094
627
695
3314
1575
2966
3090
3549
923
3343
2400
2263
2388
4023
3287
610
3527
2280
940
660
2827
3659
3153
387
2214
3694
2120
11
2904
3065
249
1901
3693
944
1119
1171
3910
112
624
737
3456
3025
3001
1747
2951
2191
2358
2382
375
3298
3042
3202
2861
2099
3590
978
1697
1613
989
504
581
1238
2406
178
2183
3525
1350
1997
3638
1975
2735
2997
903
1640
647
3854
3832
3006
2140
110
2207
1086
3313
972
3185
2806
1950
785
323
2940
1289
905
82
3695
1083
2265
3124
2433
166
2665
311
2901
1565
1214
444
2213
972
179
1123
3113
290
3331
102
3604
206
3287
2314
2156
4073
2637
999
1266
3542
1081
865
528
3347
3989
2962
3513
2557
3273
2317
26
391
2762
2240
1364
2941
3364
380
3231
2598
482
2739
2804
3770
956
864
3746
3593
1863
916
3038
2945
1781
3567
2196
1673
2432
1612
134
1608
3930
161
2000
2596
2402
3364
1440
1669
3744
575
170
130
3314
2974
3901
174
3838
3550
3767
1605
369
2709
454
2150
2180
2650
3824
515
166
3958
2124
0
23
27
2596
2425
3392
4037
4094
3040
516
167
3170
3831
3142
2974
4005
2884
2428
3676
393
2798
2289
848
852
372
3499
579
887
3666
441
3012
3666
464
3040
2166
2889
2335
2107
2887
1278
2623
3055
351
2358
2100
3326
2266
888
1657
1846
1282
359
38
2130
1211
410
1532
1791
1298
1101
2232
214
671
2697
3254
2838
1489
1492
848
280
2771
3472
3335
3123
1733
1338
2352
4000
2227
4010
1750
3509
273
1788
1543
1484
2199
3076
3275
3498
80
1411
3712
752
11
2869
3590
1501
265
341
1781
3037
3814
1019
2063
1451
2358
319
1355
489
233
3105
3999
506
796
1445
1990
2996
424
1169
2397
505
2580
2013
1257
2592
785
750
4093
1051
1092
1778
4088
810
2798
2055
2261
1059
2374
3616
1549
2607
2624
1451
3113
3421
2896
1007
2321
3321
2176
622
3826
660
2635
986
3253
3421
1737
3250
375
2830
931
367
3640
3729
2422
1805
692
700
1324
2241
3308
3949
3693
2324
3274
2492
3332
1498
1717
1412
2120
1446
2073
659
2433
1229
4080
74
382
359
2904
1314
727
2448
947
3149
156
1639
3850
1480
3881
3061
1333
3477
1289
511
1873
524
2009
3590
1937
33
939
4010
693
3373
1142
676
3447
1524
1036
2254
2838
1763
605
3785
816
762
1328
569
2243
1113
3630
3576
494
822
4087
2367
1347
2000
1860
3284
2034
2800
3197
2727
2077
243
3404
1427
1767
343
3682
509
2107
191
198
2923
953
1527
3493
3196
2640
3026
2676
3134
3849
2667
1405
1100
570
3266
287
2605
1970
3485
1236
4047
3728
544
1378
1399
888
964
1909
2995
1155
2107
1822
2109
3635
1218
1209
2179
148
3885
1217
3998
2456
2622
1001
3027
1792
1289
1535
3762
677
2772
3713
309
3316
994
1709
107
1959
3618
3102
3114
1629
827
1127
1167
2046
2337
3346
2194
2126
467
2095
485
3089
3096
3512
784
289
951
450
966
3723
66
1276
2942
1061
2985
3049
3020
2506
2055
2038
39
2883
3165
1207
832
1405
456
3026
3532
924
1025
4017
4013
25
3432
701
314
287
1151
1281
4010
1217
2557
2855
2279
1446
1808
1202
3953
3864
3240
3992
2650
2308
1102
3482
3714
1559
2412
3149
2483
3437
3070
2400
3462
2406
3101
3777
2693
156
961
2607
1374
3519
1365
3653
868
3174
758
724
2941
3998
619
1494
2210
1722
880
1828
3281
3293
881
1667
2633
3951
4068
1999
2261
3072
1680
857
3228
2641
3464
506
2063
733
62
2932
3908
820
3656
2752
722
179
150
2932
1901
1031
664
1086
227
1545
2754
2861
1400
2725
764
3662
1701
2444
423
832
988
3888
1339
3052
524
1401
1887
336
2222
1447
3089
2944
1626
3239
1780
3528
174
2444
517
402
3990
3271
3263
1294
1899
4028
859
3600
2375
1282
336
3364
1073
1675
2319
1598
3077
110
1934
1202
1557
926
49
3184
69
1830
2615
244
177
3132
646
71
2307
3910
1366
110
3841
2226
3710
2119
3508
4047
1387
485
1626
3707
2084
606
3817
4019
1809
1278
849
1858
365
919
3688
2981
1163
3866
2016
1810
3938
227
1623
1208
337
1367
3434
4048
3486
2846
3998
776
3331
1528
387
1319
2134
107
1241
3944
1385
2091
1705
1751
3010
1297
635
77
1067
2652
1887
909
2879
3510
2117
3216
780
1454
3167
170
203
3069
947
3535
500
1334
758
2635
1442
2000
2482
2828
4091
91
483
3004
1389
1118
3081
2457
3771
872
3367
2553
285
1387
1673
1066
2842
744
1237
3046
3814
2184
2485
218
3519
3243
2854
865
1146
1240
3693
1141
1332
79
49
2721
1198
3130
1082
872
4003
352
3426
191
1740
1003
1257
485
1748
2495
3532
1465
583
1920
1684
5
1067
441
870
2214
1681
467
3355
3014
547
3404
1639
1745
2438
2721
2618
2344
3073
1947
2536
717
2951
3794
1203
602
2192
638
2068
2775
2559
3752
2781
3626
97
3652
1743
1779
22
1002
696
569
310
2335
2315
2748
959
836
996
4033
2784
3533
653
1638
3230
1856
2241
1325
2495
212
4
957
3965
2785
486
4062
2341
2230
1744
2363
3233
2440
2933
3543
678
1152
2195
1638
1988
3191
1575
675
2627
2229
2314
1761
4085
459
3087
2484
671
3091
3441
540
1780
3928
505
24
2062
2250
2388
1198
594
1225
644
1273
2377
2839
2911
269
1934
389
945
465
2618
3259
2226
2607
3719
1216
995
293
211
339
834
1992
171
1340
2016
2233
3590
308
3431
87
1534
4076
1360
3911
2818
175
83
655
565
1028
1120
3184
191
3347
1694
3910
466
2689
107
678
3029
942
2670
3201
2282
590
1337
1775
899
672
1863
2433
651
3224
2247
3469
3400
2331
28
3965
3360
1149
3052
3552
399
650
3365
866
3340
3473
1544
2273
318
118
1377
2600
708
2714
279
1608
3386
2143
4041
4037
1271
2192
3410
574
427
3439
443
3787
491
3496
3242
891
50
2511
1757
3390
1888
3302
1566
2207
3421
2944
711
33
1561
991
1641
851
3134
1585
792
309
3777
106
884
107
3545
1328
3895
4036
727
3041
830
777
1456
2588
71
3345
1794
1638
1455
1118
485
2166
1151
2046
3157
2792
2898
2195
280
3691
2505
4058
3797
3389
69
3246
620
3965
3186
1348
2910
4016
2125
269
2508
2197
3614
205
3835
973
1323
223
3139
2475
2270
2200
1170
1071
299
1451
666
2804
1413
366
2096
1482
3613
2717
1351
2702
4065
164
2622
2094
433
1033
194
4048
1239
4029
924
2563
155
4064
941
2426
2167
2111
3498
2467
3563
67
1174
879
434
3270
2362
4047
1891
3713
2652
1859
3877
1177
3954
214
2211
51
166
3450
4081
1091
1916
140
1058
2858
2566
3226
873
1968
1596
339
2035
2771
1218
2469
1945
3580
2420
3836
3197
975
1599
2978
2153
1456
3193
267
1508
3359
3718
1493
354
1538
1634
1413
299
104
543
1172
2072
2140
1511
10
814
2730
2480
2759
2214
803
2498
1314
1778
0
196
3932
1457
3389
102
2966
2652
3821
362
3006
1262
1996
322
1561
2100
865
2734
75
3005
149
86
3820
2879
2566
2482
996
3369
884
2311
1051
884
2507
886
2342
1799
989
1211
354
714
1573
3361
1976
3570
3684
3538
1573
452
2175
1649
3458
2324
1735
3181
1106
204
1567
2103
3574
2451
318
529
3336
2825
1415
1581
528
2405
2792
883
3119
269
147
999
3840
3831
440
1317
187
2615
2966
3646
843
605
2731
1949
810
201
4053
287
2653
274
816
1892
3100
2232
3473
3628
541
2169
415
3661
2439
562
563
2183
297
1003
3500
485
3619
2369
34
365
2974
2766
2315
3784
2968
2271
4072
1524
2546
791
3416
1550
3024
2793
1081
3565
866
1496
3129
3306
2059
3693
1392
2357
600
795
2842
122
3165
2877
487
2043
1546
2803
1731
417
978
1706
1942
3524
2498
1261
977
1426
4055
2059
894
825
3556
4024
34
1518
3621
1427
3876
124
2223
2621
246
1291
1402
734
3334
2948
3537
969
3366
418
2675
1211
3943
1077
2473
824
2503
2432
2883
3398
3257
2342
3326
3292
3861
2850
622
3641
2974
2846
2165
3221
40
3567
3956
3375
2419
3396
247
1689
3815
2923
2901
3662
4001
1277
389
2407
3709
3272
1709
2870
1518
938
2066
1283
3789
2688
827
2667
1437
2993
1792
1478
2464
1651
757
787
951
1004
2476
669
3928
1280
235
3832
2558
624
2143
2171
3897
3853
944
1318
695
3010
2602
387
1602
3430
3054
3040
2326
749
422
693
2401
1179
1481
3352
2184
3957
4022
2015
1141
160
1751
3699
784
3895
1773
584
3651
2718
1903
249
1632
409
637
3234
3839
3692
2178
2068
344
2600
2762
2745
3780
146
2001
1867
7
1926
3883
1148
2086
1538
751
2871
1337
2524
3456
891
1146
1263
1141
2778
1672
1779
1916
1414
1374
4094
3483
1719
2598
2149
368
2281
2296
2369
52
2303
198
3936
3452
2285
1377
106
1060
2714
2631
419
3606
3777
1682
651
2458
3355
2430
277
672
3804
275
59
1426
2874
2208
1794
1059
408
67
1111
2712
265
950
2067
2551
2328
2174
3611
946
708
4031
455
388
1617
1107
2847
875
3537
3125
1548
3245
3400
1607
574
2177
3816
2369
3236
127
2436
251
2839
2702
1202
810
1157
3530
2984
672
380
3693
606
835
4082
2224
1943
2832
3099
1383
1860
551
532
1163
2158
1107
3341
1878
3476
2481
2005
1816
2732
748
422
3934
1558
1579
3368
446
2251
3748
42
2858
487
28
985
2430
2860
4085
3814
624
539
249
1788
2698
1356
1032
480
736
3513
2485
2552
2149
3234
2974
1987
696
457
1258
1142
2708
910
1185
1469
1397
1213
2455
3828
4074
2444
3545
601
2983
3795
2389
1585
1054
3422
2065
1791
2839
454
247
892
3689
3222
2879
288
3679
41
1431
2291
951
2617
3761
2348
3831
2119
2079
3809
466
1528
313
3450
1226
2703
939
2281
2029
3005
4072
772
3460
223
1664
3052
3445
446
3340
3027
487
675
1222
1439
3293
886
3787
3027
3005
1770
2739
3472
3298
3053
2825
428
1660
3765
2709
3690
2673
2685
365
2036
2908
2030
991
2257
2476
235
1187
2964
911
2409
306
107
3296
4094
3135
2204
1767
1777
1580
969
734
309
1398
2395
4074
10
1988
2650
2696
2354
590
1507
287
1582
3764
2764
1817
855
1631
2729
3265
1938
2836
2464
1936
1874
572
3704
3652
2152
576
290
2461
1974
2685
2438
1985
576
992
584
2930
1582
2092
3217
3164
1760
1884
885
2616
3516
3614
1784
1358
2354
152
3294
132
724
2901
3784
2877
3478
4074
1241
1356
2662
3680
3342
3239
576
3926
2072
2158
1922
1193
1226
3683
3078
2112
2202
2498
1630
3987
3856
3985
42
3054
20
767
1858
3804
3645
1240
3782
789
2596
2348
373
1841
1490
949
1671
3563
3108
3594
660
238
3180
3739
2351
1285
2140
3981
1176
1899
3869
1218
857
3889
1986
2715
3597
1534
3956
3283
2324
2456
1535
2698
201
3026
3648
1873
2493
2659
1370
3153
2898
454
2795
1152
1740
839
1037
2916
2739
809
38
3596
602
2024
2214
103
3559
2074
3387
1787
433
825
388
634
3851
4036
2507
2247
2599
3878
1304
1401
235
3
2553
1975
842
3591
794
3581
304
832
3080
906
2857
1198
1010
2320
3272
301
10
3706
1126
399
243
880
339
2751
3128
2939
2532
335
243
2767
338
2797
646
1181
2291
1440
665
2595
2273
3746
3502
1033
847
416
3353
23
717
3364
3729
1843
3764
3973
2724
6
2627
1756
2945
1062
2091
3189
3830
2430
1889
379
3612
84
1820
180
2679
4093
3927
2085
1030
677
2501
287
701
3218
3651
333
965
3318
209
3689
3325
2836
1348
2174
3899
3440
1266
3632
1774
3156
4012
1289
3240
1735
1470
1822
1731
1300
3907
2762
1978
2311
3049
2679
1433
2603
3012
2398
1825
3222
1991
1053
1962
3340
3228
1764
2683
397
1300
361
3553
1215
1651
2696
2951
3121
422
586
325
232
3348
2303
2544
2300
885
3977
807
3898
2279
2632
3024
173
3686
889
3513
2817
2654
2100
3215
3955
2462
2671
1074
16
1271
4025
3138
1693
514
3463
1925
3862
1669
373
2066
2555
254
2873
2357
2533
1409
1284
2707
999
2174
2124
3816
731
127
2934
590
2589
1509
1664
2606
2780
1593
1647
376
2107
1013
2302
1873
2683
2676
3940
1141
2930
2716
3498
1367
29
686
4074
1028
2860
2101
747
3592
2229
3682
85
722
1095
1749
3328
3876
3342
878
156
1353
1892
2458
3227
478
1037
3070
1620
3968
1690
1021
1238
1719
1707
1215
2747
470
3317
3495
4062
1449
3081
51
2171
79
1801
1403
3956
1046
2282
15
2400
77
2473
1530
556
3511
504
2176
3383
2194
3197
524
3914
808
1740
2564
1279
961
1962
1245
2410
947
1296
485
1027
3097
1889
886
47
74
901
2447
151
3375
3978
708
2790
386
2884
2076
2580
1985
2601
2397
2793
244
865
4073
1206
2828
1221
3616
3775
2518
5
705
1518
1894
1592
1566
1968
2493
4014
2120
1772
3895
2828
465
185
1616
2542
2766
3601
1046
1067
2297
1291
1932
2274
2497
663
3495
2017
342
1916
2022
1048
3435
3917
2640
904
1788
1037
822
3909
2809
621
2641
3275
806
160
1720
3572
3761
2767
542
1962
4058
2475
139
2458
3139
3635
378
3481
1455
2401
433
793
2221
3074
1698
4010
14
2520
3823
2824
3141
2367
2003
3947
2527
3723
3423
2192
2393
3965
58
2355
2343
198
716
1385
3833
1095
770
1191
3497
1204
1985
1622
181
3683
1535
195
2107
1261
3020
1151
3629
926
1002
2060
553
328
156
2947
197
214
1205
2541
412
1922
3927
148
3018
600
1340
2418
1805
3325
4040
1986
2912
1479
2182
922
2741
1105
2074
2274
2032
3077
237
2585
3405
393
1435
3603
607
2641
2047
1020
466
1877
1169
3485
2478
2509
1807
186
1738
1751
2173
554
3230
258
1476
1875
1363
3551
52
3395
2531
289
1884
1840
683
3320
1346
1291
1864
3394
2311
2331
1175
3481
1720
3654
1894
3527
3841
3632
1181
1917
89
315
2175
1566
2190
3539
1020
2242
2838
3551
2532
625
1295
3216
3946
2641
410
1713
1939
2722
4045
3114
2106
1668
2672
4000
1098
2416
3535
2280
237
3625
2595
2412
1094
688
1855
2115
2931
596
1570
1367
1222
2865
486
1071
1410
896
2785
3349
3618
2733
2367
1627
305
943
1531
1404
3359
969
3684
3596
498
2182
1912
1593
2870
3767
3708
1705
267
1182
3072
1489
4047
3558
2560
1361
357
1249
614
3976
3983
2982
1507
191
3925
3038
1596
3187
4008
1183
2687
409
3365
502
2002
2139
173
1614
3844
440
2796
2820
1929
2747
2281
393
12
2639
1643
626
2518
1529
3608
4025
1721
3436
2967
3317
2527
2878
403
1117
3287
3769
1620
1193
1812
1793
2808
1560
2234
1508
283
66
158
2564
460
170
1107
2103
797
3626
3633
308
3555
1257
3745
2425
478
2175
1206
882
3293
397
554
817
1590
2366
2611
301
3926
748
1809
112
815
1968
2677
1276
2139
3785
3380
2936
3314
2916
3245
2772
77
2893
1101
555
972
2307
1437
169
2704
1992
986
197
261
3598
499
91
249
2309
204
1065
180
2882
2342
2320
2570
1625
1160
1788
444
308
464
522
3202
1565
1077
78
3872
2515
247
2479
410
1234
2677
672
735
3177
764
985
1389
968
2051
1570
3851
296
3891
2324
1921
954
16
2366
1263
480
2888
368
2045
3966
446
1820
2385
694
203
2796
1928
2881
3469
2664
1961
136
3650
3351
1104
1604
825
859
1901
619
3183
3823
1573
3199
2092
2836
3680
884
3205
1628
754
3651
3449
3140
249
3652
1839
2177
2437
1211
745
301
1348
298
3653
2453
1903
381
3312
3805
1001
2399
3531
2575
1502
1527
1314
1085
2411
423
2713
3166
4075
2065
2209
227
1621
4049
2405
4058
1164
3150
263
2513
3449
3916
869
1256
201
84
964
1202
2483
398
3777
3986
1926
995
974
240
1418
3688
3407
1396
1657
1520
1624
3278
1473
4029
3239
2638
3083
3503
1054
2436
3322
1923
3692
3524
2008
560
629
395
959
310
284
2885
1305
1259
3126
2724
850
2436
23
2507
3957
1648
1688
1333
1580
831
3971
567
238
928
3003
3560
2852
2599
2987
763
3160
3617
1158
22
3927
1443
2908
1136
2702
1937
3860
3552
277
3884
1962
138
1435
3651
1471
3016
386
1346
3583
624
2274
2490
88
1030
993
3076
1793
56
2597
2952
79
2427
298
2987
3564
3000
828
3327
2456
1106
3114
322
1244
453
3974
2716
3469
263
4062
2956
888
2240
1350
977
3270
2343
4054
967
2400
2554
3919
2479
885
121
1370
352
3122
2199
3679
1481
3306
2697
1803
453
3150
1681
3170
2523
1945
3136
1383
2833
1279
2733
3811
453
979
3768
1420
3380
2225
1243
1763
3110
1365
3133
3463
390
1236
3045
1871
445
1646
3675
899
699
1260
4069
3223
3205
3109
509
1941
291
3242
1656
744
125
1327
2165
3505
3553
3409
1171
2566
677
208
1932
1067
1444
881
2939
1890
2527
2518
2790
3227
3778
2763
2354
2886
1775
2863
731
2066
2009
2387
2811
2135
3715
880
1543
3171
192
2715
1640
870
2924
3573
1937
272
358
780
2163
2886
3298
856
2017
2980
3619
274
1769
1297
3138
2501
3364
1050
791
2079
3185
409
2959
632
3581
3152
3348
1125
4022
2176
602
1863
2448
960
2643
514
3847
1844
1371
1767
727
893
2042
2497
2191
1083
901
1458
2134
1693
3538
1222
2103
2401
1855
1587
1456
1107
2713
1382
3283
3315
3245
1635
178
1791
2150
4025
3636
3521
1696
267
318
3738
2765
2509
725
3667
3968
2859
1264
3409
4082
3368
1714
1841
858
3170
2948
3571
456
2135
2790
3701
3770
2968
1396
1824
2897
936
1248
496
1204
1567
138
3969
4076
863
3540
3948
3722
707
3261
3708
4075
878
1452
837
4049
303
312
408
2439
3102
12
2112
1974
1409
3937
774
2346
1088
1271
3550
2655
1410
3423
2635
2274
2867
2487
1900
3574
1651
1511
3553
2529
2963
293
2481
3267
606
2889
1609
3708
2902
3722
1585
215
3562
2360
2561
554
3632
2015
3210
945
1342
1748
3219
112
138
1022
3686
1790
2534
3142
222
1400
3436
2704
571
4042
1496
2180
3654
302
1806
1143
518
1271
3503
3080
1826
3039
998
939
3985
2340
2687
3108
2453
2826
34
2043
519
2568
1088
742
3969
428
3446
443
374
846
2624
4028
1149
333
1074
1667
1605
481
650
3431
3520
1649
273
3408
3990
2961
2419
2346
1691
2453
292
2211
925
1381
2953
797
1810
2302
1241
2184
3149
3865
2115
201
102
3190
1868
1708
3671
2519
1042
3095
71
1316
2407
4062
181
729
2311
1873
3183
2604
4084
12
3985
2940
809
1699
1146
2050
3883
198
1819
1902
400
1922
995
2269
3630
570
691
576
3665
763
1893
1975
728
2074
2705
3040
3948
1792
1547
3935
1804
1436
2779
2614
3135
3925
568
2922
27
2388
727
427
213
1722
2697
3843
2293
3388
323
1861
55
2216
3837
784
194
2446
3824
45
142
1275
3980
1946
2711
2663
464
1750
2491
1033
575
2519
3421
1303
2947
3635
3026
1547
3381
1222
839
3704
3084
894
1824
2825
1678
2018
1174
1406
2063
1316
2681
1947
3263
1296
513
3728
3047
3005
664
3623
1428
4086
829
278
3624
3855
1826
2909
980
2665
2517
4065
3560
244
2793
1142
2262
3967
2549
229
1187
1133
2177
353
2430
2690
4082
1380
1599
649
906
3027
639
1736
3305
166
1494
1035
3076
2475
3701
1496
2443
3164
1741
1139
210
4004
1010
2759
136
2197
3893
2314
2551
2227
907
2536
3608
2506
3186
418
1437
3825
2154
646
3992
3649
1681
2972
2027
1285
371
373
353
2113
1513
564
2020
2523
3324
2157
624
3121
374
3176
1251
1282
1616
763
3789
705
1181
1129
434
3336
1775
330
2888
3457
3302
818
645
3674
1192
999
1691
2705
1563
3711
1132
790
1772
1757
3911
2147
836
1066
3429
2452
1829
3121
3158
3011
154
3593
2251
1930
3923
1042
1290
3129
1861
1936
2707
3054
2935
301
1663
401
4013
2795
1192
1688
455
1007
3835
1291
2073
3167
3744
3903
2192
2805
2818
2347
2302
972
180
2129
2014
1470
1161
3876
3406
3869
2833
2245
73
399
2646
4086
3195
3839
1677
3650
749
1416
845
2823
487
493
2630
2679
3299
1351
929
1504
2323
1110
3633
241
2580
698
20
1890
470
2854
38
543
3254
2685
533
2352
2428
2211
1906
3177
3627
2752
1904
17
3245
437
2697
2447
1788
3626
3952
15
640
3488
256
3221
90
277
1014
560
3132
1053
1104
2289
3738
1637
545
2070
3848
2451
1150
3379
1106
3055
3396
255
3493
1996
2703
1184
1526
2558
1200
2166
1950
1457
1290
2040
1734
2305
2600
770
3358
3705
3060
3000
1246
3605
973
997
1960
2124
280
3067
1082
3676
3322
478
1576
1928
1663
3102
390
2864
1172
2340
224
2462
283
1959
671
2884
2729
4029
2493
1692
2933
3739
1201
3906
639
3161
1934
919
2131
3017
499
1357
3496
2075
3285
1063
1081
3675
3927
2253
1919
54
619
2203
2014
1290
990
647
1223
3483
2339
59
3125
3541
3966
3765
2605
1803
588
640
724
1088
1997
123
3163
1186
1186
147
765
1016
2400
2684
1071
3020
790
3085
213
1781
3733
1436
1168
1975
1495
197
1420
1365
3962
4025
3169
454
569
3893
1542
2566
4016
609
3752
1106
757
420
2123
3158
3104
3195
2081
3895
2184
2294
1579
1820
3731
2747
3796
1130
2944
1119
2495
2810
1048
1567
3265
1617
1363
711
86
1283
1320
3839
2390
2078
163
416
1139
3267
3612
3221
3066
1699
1418
548
3519
1053
3296
3218
2183
2144
241
581
857
1289
2149
26
2907
3513
737
2994
700
2058
2736
3090
39
2899
3507
1179
2070
3022
303
1039
624
1722
1588
47
2775
788
3266
861
2932
3507
1443
3790
700
3592
3817
3607
3009
457
2504
3709
2516
1144
2702
2555
4043
2112
3735
2017
1038
4038
3057
1662
1664
549
1710
342
1337
879
1204
173
289
2648
3963
990
2144
3683
500
1056
44
3005
668
2560
52
3371
1019
4096
1386
657
2017
2424
599
977
4087
2263
1526
1700
2606
2864
2580
3811
3037
2870
2362
2904
3860
410
2491
264
1466
2535
3269
2135
998
3322
1409
2018
3322
2796
2675
1242
1124
3274
2220
1115
1441
3747
2815
4047
2514
1299
3762
1454
72
2028
261
3933
2438
2752
100
3905
1191
3370
1943
2190
2596
3353
111
1821
2052
2787
3064
3176
1965
1187
194
3406
837
3010
3357
3351
213
3022
709
285
954
971
121
3392
3724
222
3201
818
3592
1048
3008
2091
304
3120
3913
2357
1810
2880
1437
3775
4068
1632
3084
809
545
2345
64
759
1271
773
1044
2225
1744
1166
1521
1371
1388
625
2190
884
1673
1101
2976
1977
125
2792
237
1935
1576
1675
1613
1547
3307
601
2357
3852
2947
2421
515
121
3195
1559
2346
843
2726
3868
2214
18
396
308
902
2070
1410
3879
4048
1535
2574
189
3470
54
1864
987
1602
1074
1588
3959
830
438
2283
1345
560
1381
2905
2907
2224
1534
2678
342
1552
3075
650
2455
1049
2061
2237
1000
3596
715
1189
2969
769
3054
3956
2371
31
1448
2233
862
1887
420
2207
2448
1802
1015
1258
4026
2550
3937
272
5
2915
923
2461
3964
2984
601
868
2483
1316
2058
1356
2086
1015
1216
361
1046
2665
2594
1909
456
3015
19
2904
720
1035
66
650
3585
4003
922
3590
2822
1846
1955
2690
734
2556
3558
3218
3873
1519
477
1863
2534
1694
2224
3581
263
722
1393
719
3737
1413
3623
361
2448
3690
1011
1936
3596
1934
1430
2321
3781
3385
914
418
1845
376
3636
1622
1895
17
3485
333
1711
1613
3915
1974
2335
1212
2694
1976
2625
2221
2337
976
1814
3349
2912
1313
1187
246
3635
871
3631
453
1289
1380
829
828
3003
2725
846
2392
3058
2557
4005
2876
435
2244
4088
3129
123
2617
1253
2461
3593
3067
1714
2409
284
2901
2656
3919
3772
2191
276
964
3571
1105
1793
2477
3830
2639
772
2792
1100
681
1572
1536
2925
1564
568
3049
84
1822
1414
3678
793
3128
1991
1078
1932
550
901
1607
2741
1177
2572
2216
2283
268
596
2016
2908
1369
712
4009
2050
2284
1448
879
3848
2017
3928
3933
3840
1245
3514
537
276
1408
1615
2208
1959
2516
3816
603
3694
2291
2819
1880
2560
3416
3897
1372
689
512
1284
2739
2796
2733
3618
2548
654
3450
2384
397
599
1802
935
875
3211
2550
3084
1073
970
2803
1677
568
998
400
2448
3558
3817
2249
834
409
2761
2118
3149
1461
755
2671
4010
1409
2024
2298
1807
2623
3
2742
3499
3214
1196
2486
191
2167
1193
1869
2735
2191
2269
1087
1653
1989
3336
2487
2399
2001
509
1451
3463
1265
25
3376
2675
2050
1577
385
577
1581
3128
4076
698
228
2466
890
2396
3659
2759
1035
1754
931
2123
3408
2921
1363
1799
1224
3364
2309
2675
2731
3574
2701
2010
2152
655
3588
2538
1232
1072
1570
1211
1771
1799
3677
2661
98
3240
1324
1134
898
2256
3257
209
1080
523
2009
2305
3888
221
883
2522
3796
3585
436
1851
143
4024
293
1375
1000
1863
2587
2771
3663
2167
1336
3761
1311
2660
798
2209
819
4056
2419
1900
482
331
108
273
553
992
2796
252
480
3232
2104
624
3160
2398
1999
63
165
490
2835
3828
2657
74
3493
3968
2735
194
2081
3554
154
403
1358
636
735
1466
910
1288
2458
3707
1541
2939
2842
3646
3563
1906
1947
1466
1969
2112
1956
708
1844
517
783
1240
389
3518
1435
2470
2976
1589
2874
237
2225
3610
1703
3136
802
65
2746
2343
3005
1492
1892
2471
3398
3840
3938
1271
1856
1798
1979
3700
2316
2762
843
2705
2184
2278
1079
1063
3867
3954
1300
1996
3467
3004
1035
172
3070
3782
2516
1978
1177
312
352
478
55
194
1750
1911
1993
3729
1515
212
2395
2358
2917
483
539
3996
1546
310
3854
2847
2307
3224
1754
3342
3396
727
3028
1815
2705
108
2127
3058
587
2183
3253
2337
4095
1149
1970
1513
1361
268
3871
181
751
314
81
2298
625
3935
1048
2932
3063
2803
2178
2362
3531
1109
81
2140
1217
2209
1102
1804
295
258
44
294
1407
2014
1807
2769
2283
1582
2951
3035
1896
3032
1236
2521
2871
2285
1357
1837
991
3535
103
426
547
185
2566
1764
2394
3668
3569
2690
3926
3614
2984
1237
1532
694
4006
3816
2277
2860
2754
76
1796
3991
2598
571
2179
3955
2409
3171
3393
2512
3598
3941
2698
2067
1608
995
1639
1081
3686
1469
598
2574
2706
2130
3269
2616
1849
1449
1380
507
1525
3177
401
27
3748
2581
3982
2060
1656
3279
476
1157
3123
3174
3225
635
73
767
1717
3760
2236
2315
2237
846
349
1409
3462
2199
2858
745
2706
287
3922
3108
314
3574
1593
200
1538
3249
3479
2014
309
2506
1092
3535
3142
1166
205
762
829
2441
3078
3067
3287
3427
379
2653
1529
3237
3399
139
3524
3224
3248
3838
2702
744
4039
143
3993
3422
2158
206
1831
3251
3741
877
320
3947
1640
1150
2291
621
120
1482
4049
499
38
1482
3737
3438
1621
3164
2565
772
2906
1171
1516
2848
1314
1413
2174
3472
1619
4005
2626
1264
786
2947
1114
2426
0
3406
3048
121
791
3000
620
830
385
261
171
2007
3426
2737
2780
2236
3908
200
987
1126
1613
3161
502
3233
3070
3128
400
3857
1979
1515
2187
1979
824
1138
2101
1616
42
2722
2447
427
2983
2619
2435
2312
1260
1118
451
1072
1318
1439
2198
2931
504
2700
2067
3575
1732
2468
3336
3711
3983
1426
1594
711
2565
3696
2327
2607
2321
678
3035
1207
3297
1373
3520
461
2491
3972
1533
3810
1314
3731
2644
1819
2335
615
1298
4068
3084
537
3683
2971
1963
1180
3682
432
779
1913
3039
3101
2591
1978
211
1792
3351
3732
2253
1746
3607
3786
1459
824
3421
7
2644
1660
623
3942
1631
3707
382
1218
2581
2346
2399
2166
2779
3179
4080
1722
2183
2574
3700
2394
270
2955
2030
2524
604
1540
2214
2064
2365
1539
2072
912
3199
2695
758
734
2305
1140
1952
789
3487
254
2956
2169
3433
2939
3891
1520
1417
3495
3915
1688
2353
1848
115
2958
3388
2329
925
1656
3868
2997
2569
2971
1595
3327
3705
3901
371
1561
594
3858
1816
3551
1931
1153
2393
1726
2673
3811
1124
2491
1402
3477
242
1518
2338
3631
3847
3264
1190
3619
2165
3759
2493
3761
2989
2102
3565
3360
3664
63
3122
1384
3614
956
2537
1911
2682
1114
1625
3807
3606
3028
3187
3848
450
1428
3382
201
596
476
3820
2761
139
2217
2425
3129
222
1894
2392
3887
1957
1418
1174
1474
2375
3712
3385
961
730
914
671
239
3942
3858
4088
295
1190
3374
497
1786
3850
220
451
3989
2437
2876
3021
2660
674
1317
2451
2631
2736
3625
8
1014
3241
3393
1975
3971
210
2646
113
56
2408
104
352
3599
3478
849
1289
3232
1070
1740
3125
3507
520
2050
2071
1194
3368
425
3825
2007
4051
3833
3022
3195
3130
900
3070
3341
3547
3184
3398
1859
3288
3750
1361
2670
503
2650
1806
1573
293
835
984
813
2885
3056
2008
2157
3481
1736
67
3436
1473
3090
2535
507
3991
1508
3848
3441
595
3149
1203
3884
2803
2565
2458
3307
1118
167
784
1412
1002
1769
2225
3888
728
136
1948
113
1873
2016
3549
3346
1010
1987
3853
904
3496
3605
249
4092
2658
1453
3879
1365
4018
2240
575
1039
2408
1359
2451
3411
3128
580
3203
3857
717
1055
3970
2591
3072
3423
1841
4082
1313
1598
889
713
1106
1138
708
3764
2591
491
1033
2513
2732
1608
3552
1043
2968
1907
358
2000
2488
3562
1761
3206
520
1634
1700
3592
960
3541
3578
2274
1042
370
2988
2149
1509
3696
1817
4
91
2850
2517
2823
362
1973
3867
3331
3881
128
1234
2272
3690
2995
1382
114
533
3083
3706
1494
2527
3187
3768
3570
3558
2659
1623
971
2259
3440
975
2350
2194
3493
1076
2556
1369
846
1790
1153
975
3025
3426
569
1924
712
683
2458
3795
293
3952
2226
3481
3623
1700
2943
2186
3323
3914
348
2666
793
2699
764
189
3776
3320
1559
525
1014
2713
1501
4040
2043
2071
1868
2755
2755
229
2453
3049
84
583
2434
3708
2283
1280
1797
1509
1098
2146
79
1892
748
843
2081
428
67
3641
954
1082
2257
2455
1025
203
430
2894
2958
3185
3123
1315
2138
3208
1898
475
2819
84
1756
520
1594
2854
2667
1673
650
3416
2517
2731
3844
2585
2276
701
3667
436
3157
596
639
3587
3490
3598
2676
2517
816
717
1628
2715
1192
351
2800
2949
871
297
1707
3539
1971
2357
2858
392
992
2605
2977
3268
3307
2548
3704
2367
3144
247
1857
2538
3845
436
958
565
1154
2587
3280
2347
2938
1984
1199
3810
2282
2906
3252
156
1166
2014
549
2158
522
3526
1329
3829
1977
937
2099
1025
1184
3957
3563
933
297
424
1498
1451
3011
682
3798
1853
2666
900
1566
851
3806
722
1008
876
2736
1558
3034
3259
987
267
2991
2965
1205
994
3991
2389
855
3457
3322
1152
3882
724
2604
2797
1406
2305
553
4073
3206
2120
828
2916
2842
1837
3792
1482
3395
2730
644
286
2998
3636
3251
106
533
3146
2496
1389
2506
1722
2541
2291
2446
1049
992
3853
3354
1546
3829
2464
3666
561
1283
2412
2398
979
3894
1696
3710
442
1982
2612
4078
1137
2719
515
186
1119
1904
2693
2841
349
888
1191
1398
1880
947
656
3426
680
3121
2996
1241
308
1312
3639
1288
1110
1238
901
1552
3221
3514
1534
262
2137
2049
449
3256
3954
3142
2000
206
4030
3191
1605
1814
42
2262
1144
722
1286
44
1963
1594
1356
1505
2882
2466
2744
3784
4019
1868
3201
1456
2131
1242
3505
2580
401
3362
1626
2401
3569
1560
1496
1078
3374
1538
3340
422
2261
529
466
127
2124
1822
1632
909
191
280
597
114
2149
3799
1570
183
944
978
2764
1345
244
293
3747
3813
1853
1147
795
1131
2686
38
1553
850
568
2019
977
2692
3841
2610
3602
4033
2890
102
50
942
3902
1620
1126
749
2599
3890
2094
2843
87
1745
2560
1940
2892
3355
3072
1481
3394
528
2332
3962
2547
3309
2558
2292
1823
2064
2229
617
2167
2280
1560
1972
3901
2686
2721
2404
2480
719
1150
2567
2465
3711
411
1260
2970
3483
2742
2268
4011
977
2134
2462
190
595
658
2014
2659
2887
2631
729
1071
94
2702
875
2780
1326
3279
1164
2046
333
3731
414
4045
45
1675
2919
3529
320
1090
3443
1298
3225
1809
1489
3820
2467
3503
2383
1258
2037
3113
2329
2131
1718
3205
815
3045
2388
1980
994
2722
1614
1409
2670
1660
3084
1493
1092
3404
2584
439
606
1712
2248
2095
1436
619
1501
3819
1878
3539
2836
110
1574
458
3316
2390
3504
1608
273
402
233
1887
1811
2904
3548
798
300
544
106
2884
983
712
500
3232
2807
1936
3851
212
1658
1632
3751
398
1743
1228
857
963
3618
264
2571
3891
666
2805
1682
2478
1612
1134
3276
1913
1678
3382
701
2662
4095
1201
1797
2806
3137
1552
3018
699
3185
2673
1097
831
3902
1954
1795
3423
2219
270
3218
2886
3075
804
1267
590
1939
446
2504
3617
3829
3205
2182
3828
309
3980
2537
3446
1435
1459
48
523
35
1146
1355
3937
3101
3150
3264
1223
3420
2386
12
2399
3191
1280
2990
1033
1727
1397
553
1460
505
2736
1191
814
2619
3728
163
4054
1090
212
481
1126
1358
1836
966
362
890
133
1586
214
2520
1598
2613
1614
2879
1506
2647
509
2904
3201
1969
3409
1840
3160
127
363
2792
291
321
3883
503
802
912
1861
2639
1878
2224
3529
2012
3810
3744
435
1312
2261
2050
94
3767
600
604
2574
3801
2573
1887
1544
1637
2014
1908
333
2305
2229
119
2809
3031
1032
574
1573
2910
2798
1006
826
2511
654
1262
3824
2915
3312
3919
2586
3913
426
1064
3617
3000
2951
1065
540
869
2973
873
3174
1105
993
1886
40
2025
2460
1614
839
1162
2621
1666
3674
3275
2929
3401
2093
2144
3223
583
1961
3650
1647
1481
2553
501
2547
3093
1370
1423
3967
448
2529
864
2335
2569
2889
699
87
3729
1861
2708
1298
1438
1886
130
743
3980
2275
3967
466
139
3520
2113
1621
1976
2615
71
973
3986
1494
844
338
4024
1709
2674
2496
501
3373
2583
134
1137
1195
1432
2576
3081
1563
3320
2965
3839
3190
3432
3978
2614
1449
1502
493
4064
1573
1467
3954
3068
2312
196
2996
4021
2870
1395
426
2146
3979
560
3284
1078
1993
1764
63
3556
987
3028
3298
81
2363
3180
2695
3812
586
3189
3780
2159
559
3638
1131
2871
3834
30
2795
2608
1426
3222
657
1309
3782
3942
2387
1678
1609
2450
1138
2597
1382
340
2678
3746
3520
1276
3462
9
369
3146
2169
928
2687
3301
3800
2425
3332
2499
936
661
1624
1594
1971
1309
1440
262
2988
3049
2713
30
1550
4095
370
132
3744
3890
1409
3110
3900
1778
2159
1973
2706
750
1177
2410
3175
412
812
15
1074
2437
1610
3046
3747
3050
3308
2638
2003
1925
2668
3554
1923
3039
3686
1571
2833
998
584
2636
2776
2744
512
1386
3494
1690
3796
2573
2103
512
2589
3178
2949
103
2127
2599
3153
1339
1140
1060
3264
3809
518
1091
2751
107
2662
1487
1105
3247
27
3882
1894
540
1171
1292
2230
870
3865
237
1383
2357
3415
235
2461
1445
2834
1518
2785
3975
2578
1952
3687
3096
3043
2342
3204
1609
3830
212
759
3857
4095
2654
300
1169
3946
2531
2040
3715
2768
3423
1976
2086
3658
340
3532
2396
1858
2220
2274
340
76
1865
3437
3119
110
2544
632
3941
2757
1391
3701
2755
4046
4002
3924
3896
2436
1868
3514
1108
1195
1393
3194
756
1734
2629
3153
3592
753
1330
3932
829
3195
3272
3949
3306
1720
484
3150
380
1876
2755
3135
1825
2660
2963
1624
1000
735
1042
2108
1930
2435
1205
2687
73
3835
1743
3665
492
3073
3501
1321
2172
2677
1174
1382
300
1658
436
680
3534
3191
3816
1263
1755
2682
2887
2755
3417
3929
767
1251
2268
1973
3938
2341
1712
1584
1910
2204
561
1314
3526
2734
3991
603
19
194
2261
456
875
1699
3647
594
2962
1306
3277
1753
4061
2598
1585
731
3849
3854
2705
3690
2099
320
1178
4009
2524
1739
1227
1953
376
1121
2557
396
1316
721
852
2191
2421
403
2786
1286
1709
1966
3039
1674
467
528
2406
219
286
1014
3909
2385
1334
991
2298
3858
2730
3526
1715
3107
551
175
3504
1867
897
260
4059
3319
663
2748
508
2373
618
3548
4047
1085
4076
2357
1304
266
3372
1117
2652
609
2108
854
371
742
283
2087
3849
834
2263
3257
2702
3161
3517
2665
2383
83
1317
2891
2457
1935
2342
2408
3020
2322
668
228
2589
4040
1346
1144
553
3454
1998
925
100
2281
3012
3949
3116
1178
3109
1722
242
2529
290
2626
2613
1607
1420
973
3542
3763
3381
2466
1989
4050
2694
481
3994
4040
1626
450
3398
3624
1375
3498
1809
291
3351
829
1470
2364
2551
1713
797
2841
242
3410
351
1662
287
3894
1329
3668
2263
3319
3622
861
3800
3519
804
1329
3969
106
857
1248
3604
2666
1539
2858
3496
3009
1125
1950
626
1923
694
868
1236
1046
2531
1523
844
3860
1095
3107
3082
621
3969
2786
43
676
19
4013
783
876
1164
290
3543
2704
3149
2942
1617
178
795
2243
2101
1490
3111
3338
2537
1545
765
3381
1309
1861
2392
294
2482
2264
3080
2525
2940
3099
2441
3724
3976
3606
4014
3422
2213
3067
2268
3830
3246
3064
1977
1250
457
991
492
2994
2537
1257
2278
3846
3118
573
43
1503
2837
3124
4029
1681
2127
2373
1308
2007
1883
1226
1332
4096
197
3601
3830
3443
2568
1710
596
3025
2702
1088
1923
1142
2346
105
891
1367
679
935
2871
3517
4060
2803
1101
2091
1080
2410
1
2963
3637
1334
2963
3834
838
2696
3180
3406
310
3777
2335
3012
769
161
58
3115
266
950
386
945
1885
3258
365
1849
1965
1467
3940
3046
3878
3942
1913
3419
1180
779
3156
2018
3476
2240
1328
3787
1921
3663
2702
2690
3825
2760
1709
4091
3710
2096
940
1499
1257
1306
3349
3223
2774
3193
2172
2556
3038
4085
1878
121
767
937
2140
